@Model:DX8; Fireware:V1.17; Hardware:V1.00; SN:2603022837

$1;1;0;1;0;0;28080;21864;0;278;0;3641;3687;3689;3698;3624;3543;0;0;32
$1;1;1000;1;0;0;28084;21863;0;278;0;3641;3688;3689;3698;3624;3544;0;0;26
$1;1;2000;1;0;15;28079;21873;0;278;0;3642;3688;3690;3699;3624;3545;0;0;37
$1;1;3000;1;0;41;28072;21888;0;278;0;3644;3690;3691;3700;3626;3547;0;0;37
$1;1;4000;1;0;70;28069;21905;0;278;0;3646;3692;3693;3701;3629;3550;0;0;36
$1;1;5000;1;0;91;28067;21917;1;278;0;3648;3693;3695;3702;3631;3552;0;0;39
$1;128;4000;295;123;14;18;24;19;24;24;0;0;29
$1;128;64000;283;123;14;18;24;19;24;24;0;0;44
$1;1;1807000;1;0;51;28107;23172;642;375;0;3860;3860;3862;3860;3862;3861;0;0;29
$1;1;1808000;1;0;51;28107;23171;642;375;0;3860;3860;3861;3860;3862;3861;0;0;18
$1;1;1809000;1;0;55;28106;23174;642;375;0;3861;3861;3862;3861;3862;3862;0;0;18
$1;130;1809000;561;546;528;536;557;545;0;0;33;30
